[gd_scene load_steps=70 format=3 uid="uid://dmtd4jk4ugt8c"]

[ext_resource type="Environment" uid="uid://bqnqgflivjvue" path="res://scenes/main-environment.tres" id="1_oygcb"]
[ext_resource type="PackedScene" uid="uid://dl2ed4gkybggf" path="res://objects/player.tscn" id="2_qbbhe"]
[ext_resource type="Script" path="res://scripts/view.gd" id="3_gxn3q"]
[ext_resource type="PackedScene" uid="uid://bs65o07otxbmm" path="res://objects/moving_object_path_3d.tscn" id="6_222cy"]
[ext_resource type="PackedScene" uid="uid://dhxok27jxvik8" path="res://objects/flag.tscn" id="7_uwidt"]
[ext_resource type="PackedScene" uid="uid://dwvhgrcyestak" path="res://objects/trap_spikes.tscn" id="8_nvysk"]
[ext_resource type="PackedScene" uid="uid://g73m8k0j7lyo" path="res://objects/button.tscn" id="9_140rh"]
[ext_resource type="PackedScene" uid="uid://0v6t454aaexr" path="res://objects/door.tscn" id="10_jxfkr"]
[ext_resource type="PackedScene" uid="uid://cxea8lmw7cy1l" path="res://objects/player_kill_volume.tscn" id="11_j8m4m"]
[ext_resource type="PackedScene" uid="uid://cyvet7kb6y80r" path="res://objects/checkpoint.tscn" id="12_3wsk8"]
[ext_resource type="PackedScene" uid="uid://cnymdajj1vsqm" path="res://objects/platform.tscn" id="13_1l6gd"]
[ext_resource type="PackedScene" uid="uid://c8up71en5djgm" path="res://objects/platform_falling.tscn" id="15_3rhat"]
[ext_resource type="PackedScene" uid="uid://dfpisimsgf5ce" path="res://objects/coin.tscn" id="16_3y1id"]
[ext_resource type="PackedScene" uid="uid://dy017k58p20sk" path="res://objects/cloud.tscn" id="17_gsgcr"]
[ext_resource type="Script" path="res://scripts/hud.gd" id="18_2rqac"]
[ext_resource type="PackedScene" uid="uid://ddj6aaerlabuj" path="res://Victor s object/tree_2.tscn" id="18_gfitn"]
[ext_resource type="PackedScene" uid="uid://dmequtx2oso1f" path="res://models/props/rocks.glb" id="19_pc26e"]
[ext_resource type="Texture2D" uid="uid://cd7oyc56ehkx1" path="res://sprites/coin.png" id="19_sfoba"]
[ext_resource type="LabelSettings" uid="uid://daohhjonjrdx8" path="res://themes/label_settings.tres" id="20_06a3h"]
[ext_resource type="PackedScene" uid="uid://ctfjj2573fbex" path="res://models/props/plant.glb" id="20_i3kpg"]
[ext_resource type="FontFile" uid="uid://d0cxd77jybrcn" path="res://fonts/lilita_one_regular.ttf" id="21_fe1b5"]
[ext_resource type="PackedScene" uid="uid://b7yv016l57x1q" path="res://models/props/mushrooms.glb" id="21_ybkrw"]
[ext_resource type="PackedScene" uid="uid://drdt1lv4menw6" path="res://models/props/grass.glb" id="22_adk7l"]
[ext_resource type="Theme" uid="uid://d3avl0mr4r87l" path="res://themes/default_theme.tres" id="22_f407n"]
[ext_resource type="Texture2D" uid="uid://dm50aa4qogm65" path="res://sprites/button_rectangle_depth_gloss.png" id="23_c7mdw"]
[ext_resource type="PackedScene" uid="uid://bjf7nnqb2vgjd" path="res://models/props/flowers-tall.glb" id="23_x0q0d"]
[ext_resource type="PackedScene" uid="uid://day542mhkw6j7" path="res://models/props/saw.glb" id="24_5v50h"]
[ext_resource type="PackedScene" uid="uid://dwbjgof60s085" path="res://Victor s object/block_snow_low_large_2.tscn" id="25_gf3jw"]
[ext_resource type="PackedScene" uid="uid://hcnc7dv47du5" path="res://Victor s object/block_grass_large with grass_.tscn" id="25_siea0"]
[ext_resource type="PackedScene" uid="uid://bxb0kyngavvki" path="res://Victor s object/block_snow_large_slope_steep_narrow_2.tscn" id="26_5nxlr"]
[ext_resource type="PackedScene" uid="uid://0q4gtwr4p2u5" path="res://Victor s object/fence_straight_2.tscn" id="26_aqf2d"]
[ext_resource type="PackedScene" uid="uid://b0v3in3n21bf5" path="res://Victor s object/block_grass_large_.tscn" id="26_noexb"]
[ext_resource type="PackedScene" uid="uid://d1c6k7l27im54" path="res://Victor s object/fence_broken_2.tscn" id="27_8cwqi"]
[ext_resource type="PackedScene" uid="uid://dffjwaxjsoh67" path="res://Victor s object/block_snow_edge_2.tscn" id="28_l2qes"]
[ext_resource type="PackedScene" uid="uid://tcbuth4avhqi" path="res://Victor s object/fence_corner_2.tscn" id="28_xk23v"]
[ext_resource type="PackedScene" uid="uid://c3v08vvb2x7cn" path="res://Victor s object/block_snow_large_2.tscn" id="29_nwb4w"]
[ext_resource type="PackedScene" uid="uid://v3mlpojyhns0" path="res://Victor s object/block_snow_large_slope_narrow_2.tscn" id="30_13yjl"]
[ext_resource type="PackedScene" uid="uid://csejxbig8dud7" path="res://Victor s object/block_snow_long_2.tscn" id="31_m70yr"]
[ext_resource type="PackedScene" uid="uid://cqe21bkx2xbsu" path="res://Victor s object/block_snow_low_long_2.tscn" id="32_w6xwf"]
[ext_resource type="PackedScene" uid="uid://chhlniddfw1fn" path="res://Victor s object/block_grass_edge_2.tscn" id="33_8nlb0"]
[ext_resource type="PackedScene" uid="uid://brujyjx2qqg4y" path="res://Victor s object/platform_moving.tscn" id="34_lvoc1"]
[ext_resource type="PackedScene" uid="uid://bxkhp8qe1gg62" path="res://Victor s object/block_snow_low_narrow_2.tscn" id="34_o21so"]
[ext_resource type="PackedScene" uid="uid://bprrlrsrodjse" path="res://objects/saw.tscn" id="35_otxjv"]
[ext_resource type="PackedScene" uid="uid://v5smarwfj8q3" path="res://Victor s object/hedge_corner_2.tscn" id="36_menye"]
[ext_resource type="PackedScene" uid="uid://ceojd3peoovj2" path="res://Victor s object/block_snow_large_tall_2.tscn" id="37_q7ho8"]
[ext_resource type="PackedScene" uid="uid://dtx06f4ekfgqc" path="res://Victor s object/snowy mountain.tscn" id="42_sncs5"]
[ext_resource type="PackedScene" uid="uid://ctmsvh7l1enuh" path="res://Victor s object/ice_grass.tscn" id="43_hsnc6"]
[ext_resource type="PackedScene" uid="uid://bw7nsi1v8g30s" path="res://models/props/poles.glb" id="43_quy6b"]
[ext_resource type="PackedScene" uid="uid://bqpuqeqjnltfm" path="res://Victor s object/grass patch_2.tscn" id="44_52m06"]
[ext_resource type="PackedScene" uid="uid://c60f5waqr825f" path="res://Victor s object/fire camp.tscn" id="44_ck3t5"]
[ext_resource type="PackedScene" uid="uid://bfxubkc2iukdk" path="res://objects/smoke.tscn" id="45_rxknm"]
[ext_resource type="PackedScene" uid="uid://clsvxr8cwhpxo" path="res://Victor s object/block_grass and snow_large_.tscn" id="45_unj0g"]
[ext_resource type="PackedScene" uid="uid://dmqrke8j02ck8" path="res://Victor s object/platform_2.tscn" id="46_ga2df"]
[ext_resource type="PackedScene" uid="uid://ci3rsmbp4rv7t" path="res://Victor s object/hedge_2.tscn" id="50_5tx1q"]
[ext_resource type="PackedScene" uid="uid://crjxc823ldoc3" path="res://models/props/flowers.glb" id="52_4rsox"]
[ext_resource type="PackedScene" uid="uid://davkudeabkl0m" path="res://Victor s object/tree_pine_snow_2.tscn" id="54_wprgl"]

[sub_resource type="CameraAttributesPractical" id="CameraAttributesPractical_u8ojw"]
auto_exposure_scale = 0.75
dof_blur_far_distance = 0.01

[sub_resource type="LabelSettings" id="LabelSettings_ri8jt"]
font = ExtResource("21_fe1b5")
font_size = 128
shadow_color = Color(0, 0, 0, 0.376471)
shadow_offset = Vector2(2, 2)

[sub_resource type="LabelSettings" id="LabelSettings_x4d2s"]
font = ExtResource("21_fe1b5")
font_size = 32
shadow_color = Color(0, 0, 0, 0.376471)
shadow_offset = Vector2(2, 2)

[sub_resource type="LabelSettings" id="LabelSettings_v6r7m"]
font = ExtResource("21_fe1b5")
font_size = 42
shadow_color = Color(0, 0, 0, 0.376471)
shadow_offset = Vector2(2, 2)

[sub_resource type="Curve3D" id="Curve3D_5fw0d"]
_data = {
"points": PackedVector3Array(0, 0, 0, -2.17169, 0.22877, 0.474637, -1.69593, -0.288072, 0.474637, 0, 0, 0, 0, 0, 0, -20.706, -0.802592, 0.475),
"tilts": PackedFloat32Array(0, 0)
}
point_count = 2

[sub_resource type="Curve3D" id="Curve3D_goimg"]
_data = {
"points": PackedVector3Array(0, 0, 0, 0, 0, 0, 1.44136, -7.86492, 13.876, 0, 0, 0, 0, 0, 0, -7.3152, -4.63665, 14.227, 0, 0, 0, 0, 0, 0, -7.3793, 1.09986, 10.7845),
"tilts": PackedFloat32Array(0, 0, 0)
}
point_count = 3

[sub_resource type="Curve3D" id="Curve3D_5n82a"]
_data = {
"points": PackedVector3Array(0, 0, 0, 0, 0, 0, 20.7896, 9.3156, -9.42149, 0, 0, 0, 0, 0, 0, -3.98183, 9.71543, -11.6768),
"tilts": PackedFloat32Array(0, 0)
}
point_count = 2

[sub_resource type="Curve3D" id="Curve3D_u8q8u"]
_data = {
"points": PackedVector3Array(0, 0, 0, 0, 0, 0, -66.2582, -14.1593, -11.7624, 0, 0, 0, 0, 0, 0, -15.2871, -3.62374, -12.3121, 0, 0, 0, 0, 0, 0, -15.0557, -2.59465, 4.95843, 0, 0, 0, 0, 0, 0, -6.44303, 0.981377, 5.67259),
"tilts": PackedFloat32Array(0, 0, 0, 0)
}
point_count = 4

[sub_resource type="Curve3D" id="Curve3D_0x5l0"]
_data = {
"points": PackedVector3Array(0, 0, 0, 0, 0, 0, -4.06444, 0.61463, 16.383, 0, 0, 0, 0, 0, 0, 2.475, 0.615, 16.383),
"tilts": PackedFloat32Array(0, 0)
}
point_count = 2

[sub_resource type="Curve3D" id="Curve3D_wvcgo"]
_data = {
"points": PackedVector3Array(0, 0, 0, 0, 0, 0, -3.76441, 0.69, 17.691, 0, 0, 0, 0, 0, 0, 1.93011, 0.69, 17.691),
"tilts": PackedFloat32Array(0, 0)
}
point_count = 2

[sub_resource type="Curve3D" id="Curve3D_3nknx"]
_data = {
"points": PackedVector3Array(0, 0, 0, 0, 0, 0, -4, 0.69, 22.626, 0, 0, 0, 0, 0, 0, 2, 0.69, 22.626),
"tilts": PackedFloat32Array(0, 0)
}
point_count = 2

[sub_resource type="Curve3D" id="Curve3D_i6k8i"]
_data = {
"points": PackedVector3Array(0, 0, 0, 0, 0, 0, -4.338, 0.69, 25.425, 0, 0, 0, 0, 0, 0, 2.777, 0.69, 25.425),
"tilts": PackedFloat32Array(0, 0)
}
point_count = 2

[sub_resource type="Curve3D" id="Curve3D_3pqn1"]
_data = {
"points": PackedVector3Array(0, 0, 0, 0, 0, 0, 2, 0.69, 21.549, 0, 0, 0, 0, 0, 0, -4, 0.69, 21.549),
"tilts": PackedFloat32Array(0, 0)
}
point_count = 2

[node name="Main" type="Node3D"]

[node name="Environment" type="WorldEnvironment" parent="."]
unique_name_in_owner = true
environment = ExtResource("1_oygcb")
camera_attributes = SubResource("CameraAttributesPractical_u8ojw")

[node name="Player" parent="." node_paths=PackedStringArray("view") instance=ExtResource("2_qbbhe")]
transform = Transform3D(-0.436802, 0, -0.899558, 0, 1, 0, 0.899558, 0, -0.436802, -0.655881, 1.29598, 9.38664)
view = NodePath("../View")

[node name="View" type="Node3D" parent="." node_paths=PackedStringArray("target") groups=["View"]]
process_mode = 3
transform = Transform3D(0.707107, -0.298836, 0.640856, 0, 0.906308, 0.422618, -0.707107, -0.298836, 0.640856, 0, 0, 0)
script = ExtResource("3_gxn3q")
target = NodePath("../Player")

[node name="Camera" type="Camera3D" parent="View"]
transform = Transform3D(1, 0, 0, 0, 1, 0, 0, 0, 1, 0, 0, 10)
current = true
fov = 40.0

[node name="World" type="Node3D" parent="."]

[node name="player_kill_volume" parent="World" instance=ExtResource("11_j8m4m")]
transform = Transform3D(1, 0, 0, 0, 1, 0, 0, 0, 1, 0, -20, 0)
death_height = -20.0

[node name="Sun" type="DirectionalLight3D" parent="."]
transform = Transform3D(-0.422618, -0.694272, 0.582563, 0, 0.642788, 0.766044, -0.906308, 0.323744, -0.271654, 0, 0, 0)
shadow_enabled = true
shadow_opacity = 0.75

[node name="HUD" type="CanvasLayer" parent="." groups=["HUD"]]
process_mode = 3
script = ExtResource("18_2rqac")

[node name="Control" type="Control" parent="HUD"]
layout_mode = 3
anchors_preset = 15
anchor_right = 1.0
anchor_bottom = 1.0
grow_horizontal = 2
grow_vertical = 2

[node name="Icon" type="TextureRect" parent="HUD/Control"]
layout_mode = 0
offset_left = 57.0
offset_top = 67.0
offset_right = 313.0
offset_bottom = 323.0
scale = Vector2(0.2, 0.2)
texture = ExtResource("19_sfoba")

[node name="x" type="Label" parent="HUD/Control"]
layout_mode = 0
offset_left = 112.0
offset_top = 64.0
offset_right = 144.0
offset_bottom = 123.0
text = "×"
label_settings = ExtResource("20_06a3h")

[node name="Level Complete" type="Label" parent="HUD/Control"]
unique_name_in_owner = true
layout_mode = 1
anchors_preset = 5
anchor_left = 0.5
anchor_right = 0.5
offset_left = -429.0
offset_top = 139.0
offset_right = 429.0
offset_bottom = 287.0
grow_horizontal = 2
text = "Level Complete!"
label_settings = SubResource("LabelSettings_ri8jt")

[node name="CoinsLabel" type="Label" parent="HUD/Control"]
unique_name_in_owner = true
layout_mode = 0
offset_left = 144.0
offset_top = 64.0
offset_right = 368.0
offset_bottom = 123.0
text = "0"
label_settings = ExtResource("20_06a3h")

[node name="PlayAgainButton" type="Button" parent="HUD/Control"]
unique_name_in_owner = true
layout_mode = 1
anchors_preset = 7
anchor_left = 0.5
anchor_top = 1.0
anchor_right = 0.5
anchor_bottom = 1.0
offset_left = -196.0
offset_top = -258.0
offset_right = 196.0
offset_bottom = -122.0
grow_horizontal = 2
grow_vertical = 0
size_flags_horizontal = 0
theme = ExtResource("22_f407n")
theme_override_colors/font_color = Color(1, 1, 1, 1)
theme_override_constants/outline_size = 2
theme_override_fonts/font = ExtResource("21_fe1b5")
theme_override_font_sizes/font_size = 60
text = "Play Again?"
icon = ExtResource("23_c7mdw")
flat = true
icon_alignment = 1

[node name="TimeLabel" type="Label" parent="HUD/Control"]
unique_name_in_owner = true
layout_mode = 1
anchors_preset = 5
anchor_left = 0.5
anchor_right = 0.5
offset_left = -48.5
offset_top = 59.0
offset_right = 48.5
offset_bottom = 115.0
grow_horizontal = 2
text = "00"
label_settings = SubResource("LabelSettings_x4d2s")
horizontal_alignment = 1
vertical_alignment = 1

[node name="TimeNameLabel" type="Label" parent="HUD/Control"]
unique_name_in_owner = true
layout_mode = 1
anchors_preset = 5
anchor_left = 0.5
anchor_right = 0.5
offset_left = -49.0
offset_top = 22.0
offset_right = 49.0
offset_bottom = 78.0
grow_horizontal = 2
text = "TIME"
label_settings = SubResource("LabelSettings_v6r7m")
horizontal_alignment = 1
vertical_alignment = 1

[node name="Start room" type="Node3D" parent="."]

[node name="door" parent="Start room" instance=ExtResource("10_jxfkr")]
transform = Transform3D(-4.37114e-08, 0, 1, 0, 1, 0, -1, 0, -4.37114e-08, -4.75847, 0.600636, 7.43481)
look_at_door_when_opens = true

[node name="door2" parent="Start room" instance=ExtResource("10_jxfkr")]
transform = Transform3D(1, 0, 0, 0, 1, 0, 0, 0, 1, -1.05082, 0.600636, 3.41912)
look_at_door_when_opens = true

[node name="door4" parent="Start room" instance=ExtResource("10_jxfkr")]
transform = Transform3D(-1, 0, -8.74228e-08, 0, 1, 0, 8.74228e-08, 0, -1, -0.742323, 0.600636, 11.5327)
look_at_door_when_opens = true

[node name="block-grass-large3" parent="Start room" instance=ExtResource("26_noexb")]
transform = Transform3D(4.23, 0, 0, 0, 4.23, 0, 0, 0, 4.23, -0.805135, -3.61537, 7.10267)

[node name="platform-moving" parent="Start room" instance=ExtResource("34_lvoc1")]
transform = Transform3D(1, 0, 0, 0, 1, 0, 0, 0, 1, 3.16118, 1.12327, -0.271092)

[node name="button" parent="Start room/platform-moving" node_paths=PackedStringArray("target") instance=ExtResource("9_140rh")]
transform = Transform3D(1, 0, 0, 0, 1, 0, 0, 0, 1, -0.0393605, 0.982029, 0.0415888)
target = NodePath("../../moving_object_path4")

[node name="moving_object_path4" parent="Start room" node_paths=PackedStringArray("object_to_move") instance=ExtResource("6_222cy")]
curve = SubResource("Curve3D_5fw0d")
object_to_move = NodePath("../platform-moving")
movement_speed = 2.0
is_on_from_start = false
ping_pong = true

[node name="block-grass-large4" parent="Start room" instance=ExtResource("26_noexb")]
transform = Transform3D(3.485, 0, 0, 0, 1.413, 0, 0, 0, 3.485, -0.55182, -7.47374, 7.10267)

[node name="block-grass-large17" parent="Start room" instance=ExtResource("26_noexb")]
transform = Transform3D(0.63, 0, 0, 0, 0.63, 0, 0, 0, 0.63, -10.9437, -8.59029, 7.85992)

[node name="block-grass-large19" parent="Start room" instance=ExtResource("26_noexb")]
transform = Transform3D(0.63, 0, 0, 0, 0.63, 0, 0, 0, 0.63, -7.67611, -8.62209, 7.85992)

[node name="block-grass-large20" parent="Start room" instance=ExtResource("26_noexb")]
transform = Transform3D(0.63, 0, 0, 0, 0.63, 0, 0, 0, 0.63, -5.25389, -7.71977, 7.85992)

[node name="platform-moving start room" parent="Start room" instance=ExtResource("34_lvoc1")]
transform = Transform3D(1, 0, 0, 0, 1, 0, 0, 0, 1, 1.44136, -7.86492, 13.876)

[node name="button" parent="Start room/platform-moving start room" node_paths=PackedStringArray("target") instance=ExtResource("9_140rh")]
transform = Transform3D(1, 0, 0, 0, 1, 0, 0, 0, 1, -0.233721, 0.919212, 0.110717)
target = NodePath("../../moving path secret")

[node name="moving path secret" parent="Start room" node_paths=PackedStringArray("object_to_move") instance=ExtResource("6_222cy")]
curve = SubResource("Curve3D_goimg")
object_to_move = NodePath("../platform-moving start room")
movement_speed = 2.0
is_on_from_start = false
ping_pong = true

[node name="Props" type="Node3D" parent="Start room"]

[node name="tree2" parent="Start room/Props" instance=ExtResource("18_gfitn")]
transform = Transform3D(1, 0, 0, 0, 1.2, 0, 0, 0, 1, -4.75936, 0.61463, 6.03329)

[node name="tree7" parent="Start room/Props" instance=ExtResource("18_gfitn")]
transform = Transform3D(1, 0, 0, 0, 1.2, 0, 0, 0, 1, -4.75936, 0.61463, 8.9528)

[node name="tree3" parent="Start room/Props" instance=ExtResource("18_gfitn")]
transform = Transform3D(1, 0, 0, 0, 1.2, 0, 0, 0, 1, -2.57544, 0.61463, 3.47388)

[node name="tree5" parent="Start room/Props" instance=ExtResource("18_gfitn")]
transform = Transform3D(1, 0, 0, 0, 1.2, 0, 0, 0, 1, -2.40901, 0.61463, 11.5296)

[node name="tree8" parent="Start room/Props" instance=ExtResource("18_gfitn")]
transform = Transform3D(1, 0, 0, 0, 1.2, 0, 0, 0, 1, 2.79969, 0.61463, 17.0597)

[node name="tree9" parent="Start room/Props" instance=ExtResource("18_gfitn")]
transform = Transform3D(1, 0, 0, 0, 1.2, 0, 0, 0, 1, 2.79969, 0.61463, 23.6726)

[node name="tree11" parent="Start room/Props" instance=ExtResource("18_gfitn")]
transform = Transform3D(1, 0, 0, 0, 1.2, 0, 0, 0, 1, 2.82052, 0.61463, 26.1701)

[node name="tree12" parent="Start room/Props" instance=ExtResource("18_gfitn")]
transform = Transform3D(1, 0, 0, 0, 1.2, 0, 0, 0, 1, -4.35382, 0.61463, 26.1701)

[node name="tree13" parent="Start room/Props" instance=ExtResource("18_gfitn")]
transform = Transform3D(1, 0, 0, 0, 1.2, 0, 0, 0, 1, -4.35382, 0.61463, 22.5539)

[node name="tree14" parent="Start room/Props" instance=ExtResource("18_gfitn")]
transform = Transform3D(1, 0, 0, 0, 1.2, 0, 0, 0, 1, -4.35382, 0.61463, 12.6291)

[node name="tree15" parent="Start room/Props" instance=ExtResource("18_gfitn")]
transform = Transform3D(1, 0, 0, 0, 1.2, 0, 0, 0, 1, 2.32848, 0.61463, 12.6291)

[node name="tree4" parent="Start room/Props" instance=ExtResource("18_gfitn")]
transform = Transform3D(1, 0, 0, 0, 1.2, 0, 0, 0, 1, 0.502754, 0.61463, 3.47388)

[node name="tree6" parent="Start room/Props" instance=ExtResource("18_gfitn")]
transform = Transform3D(1, 0, 0, 0, 1.2, 0, 0, 0, 1, 0.849925, 0.61463, 11.3715)

[node name="hedge-corner2" parent="Start room/Props" instance=ExtResource("36_menye")]
transform = Transform3D(-1.01629e-07, 0, -1.955, 0, 4.9, 0, 2.325, 0, -8.54558e-08, -4.10322, 0.61463, 4.25151)

[node name="hedge-corner4" parent="Start room/Props" instance=ExtResource("36_menye")]
transform = Transform3D(-1.01629e-07, 0, 1.955, 0, 4.9, 0, -2.325, 0, -8.54558e-08, 2.4366, 0.61463, 10.6502)

[node name="hedge-corner3" parent="Start room/Props" instance=ExtResource("36_menye")]
transform = Transform3D(-1.955, 0, -3.51065e-07, 0, 4.9, 0, 2.95197e-07, 0, -2.325, 2.13045, 0.615, 4.252)

[node name="hedge-corner5" parent="Start room/Props" instance=ExtResource("36_menye")]
transform = Transform3D(1.955, 0, 0.00142088, 0, 4.9, 0, -0.00119476, 0, 2.325, -4.08912, 0.615, 10.706)

[node name="coin" parent="Start room/Props" instance=ExtResource("16_3y1id")]
transform = Transform3D(1, 0, 0, 0, 1, 0, 0, 0, 1, 2.75933, 0.88677, 6.75843)

[node name="coin6" parent="Start room/Props" instance=ExtResource("16_3y1id")]
transform = Transform3D(1, 0, 0, 0, 1, 0, 0, 0, 1, -16.1843, 3.18105, 7.536)

[node name="coin2" parent="Start room/Props" instance=ExtResource("16_3y1id")]
transform = Transform3D(1, 0, 0, 0, 1, 0, 0, 0, 1, 7.74317, 0.88677, 6.89472)

[node name="coin7" parent="Start room/Props" instance=ExtResource("16_3y1id")]
transform = Transform3D(1, 0, 0, 0, 1, 0, 0, 0, 1, 10.088, 0.104871, -7.16117)

[node name="coin13" parent="Start room/Props" instance=ExtResource("16_3y1id")]
transform = Transform3D(1, 0, 0, 0, 1, 0, 0, 0, 1, 14.5933, 2.61123, -21.8612)

[node name="coin14" parent="Start room/Props" instance=ExtResource("16_3y1id")]
transform = Transform3D(1, 0, 0, 0, 1, 0, 0, 0, 1, 18.2474, 5.01628, -23.3045)

[node name="coin15" parent="Start room/Props" instance=ExtResource("16_3y1id")]
transform = Transform3D(1, 0, 0, 0, 1, 0, 0, 0, 1, 22.9997, 3.8706, -21.0713)

[node name="coin8" parent="Start room/Props" instance=ExtResource("16_3y1id")]
transform = Transform3D(1, 0, 0, 0, 1, 0, 0, 0, 1, 12.9437, 4.14631, -14.7788)

[node name="coin9" parent="Start room/Props" instance=ExtResource("16_3y1id")]
transform = Transform3D(1, 0, 0, 0, 1, 0, 0, 0, 1, 27.9185, 7.6366, -16.1332)

[node name="coin10" parent="Start room/Props" instance=ExtResource("16_3y1id")]
transform = Transform3D(1, 0, 0, 0, 1, 0, 0, 0, 1, 28.899, 8.348, -18.6629)

[node name="coin11" parent="Start room/Props" instance=ExtResource("16_3y1id")]
transform = Transform3D(1, 0, 0, 0, 1, 0, 0, 0, 1, 23.8911, 6.89718, -19.4076)

[node name="coin12" parent="Start room/Props" instance=ExtResource("16_3y1id")]
transform = Transform3D(1, 0, 0, 0, 1, 0, 0, 0, 1, 29.7615, 4.87911, -20.6753)

[node name="coin16" parent="Start room/Props" instance=ExtResource("16_3y1id")]
transform = Transform3D(1, 0, 0, 0, 1, 0, 0, 0, 1, 31.0087, 4.5298, -18.4822)

[node name="coin17" parent="Start room/Props" instance=ExtResource("16_3y1id")]
transform = Transform3D(1, 0, 0, 0, 1, 0, 0, 0, 1, 31.0087, 4.5298, -15.5214)

[node name="coin18" parent="Start room/Props" instance=ExtResource("16_3y1id")]
transform = Transform3D(1, 0, 0, 0, 1, 0, 0, 0, 1, 28.9071, 5.80973, -13.8065)

[node name="coin19" parent="Start room/Props" instance=ExtResource("16_3y1id")]
transform = Transform3D(1, 0, 0, 0, 1, 0, 0, 0, 1, 20.4784, 12.1446, -14.1178)

[node name="coin20" parent="Start room/Props" instance=ExtResource("16_3y1id")]
transform = Transform3D(1, 0, 0, 0, 1, 0, 0, 0, 1, 16.0179, 10.7117, -17.3251)

[node name="coin3" parent="Start room/Props" instance=ExtResource("16_3y1id")]
transform = Transform3D(1, 0, 0, 0, 1, 0, 0, 0, 1, 18.7935, 0.88677, 6.47729)

[node name="coin4" parent="Start room/Props" instance=ExtResource("16_3y1id")]
transform = Transform3D(1, 0, 0, 0, 1, 0, 0, 0, 1, 18.7935, 1.77485, 12.589)

[node name="coin5" parent="Start room/Props" instance=ExtResource("16_3y1id")]
transform = Transform3D(1, 0, 0, 0, 1, 0, 0, 0, 1, 10.7321, 0.786103, 12.589)

[node name="rocks2" parent="Start room/Props" instance=ExtResource("19_pc26e")]
transform = Transform3D(1, 0, 0, 0, 1, 0, 0, 0, 1, -3.87906, 0.52548, 4.39417)

[node name="rocks5" parent="Start room/Props" instance=ExtResource("19_pc26e")]
transform = Transform3D(1, 0, 0, 0, 1, 0, 0, 0, 1, -6.64929, 0.415445, 6.91145)

[node name="rocks6" parent="Start room/Props" instance=ExtResource("19_pc26e")]
transform = Transform3D(-0.967907, 0, -0.251309, 0, 1, 0, 0.251309, 0, -0.967907, -11.3522, 2.23539, 8.21878)

[node name="rocks7" parent="Start room/Props" instance=ExtResource("19_pc26e")]
transform = Transform3D(-0.967907, 0, -0.251309, 0, 1, 0, 0.251309, 0, -0.967907, -11.6795, 1.98709, 8.12672)

[node name="rocks8" parent="Start room/Props" instance=ExtResource("19_pc26e")]
transform = Transform3D(-0.967907, 0, -0.251309, 0, 1, 0, 0.251309, 0, -0.967907, -11.5319, 1.98709, 7.78486)

[node name="plant2" parent="Start room/Props" instance=ExtResource("20_i3kpg")]
transform = Transform3D(1, 0, 0, 0, 1, 0, 0, 0, 1, 2.01218, 0.617669, 4.551)

[node name="plant3" parent="Start room/Props" instance=ExtResource("20_i3kpg")]
transform = Transform3D(1, 0, 0, 0, 1, 0, 0, 0, 1, 2.01218, 0.627435, 4.82378)

[node name="plant15" parent="Start room/Props" instance=ExtResource("20_i3kpg")]
transform = Transform3D(0.677325, 0, 0.735684, 0, 1, 0, -0.735684, 0, 0.677325, 0.492688, 0.627435, 19.4164)

[node name="plant16" parent="Start room/Props" instance=ExtResource("20_i3kpg")]
transform = Transform3D(0.677325, 0, 0.735684, 0, 1, 0, -0.735684, 0, 0.677325, 0.623112, 0.596328, 19.6782)

[node name="plant4" parent="Start room/Props" instance=ExtResource("20_i3kpg")]
transform = Transform3D(1, 0, 0, 0, 1, 0, 0, 0, 1, 1.71692, 0.617669, 4.6481)

[node name="plant5" parent="Start room/Props" instance=ExtResource("20_i3kpg")]
transform = Transform3D(1, 0, 0, 0, 1, 0, 0, 0, 1, 1.60923, 0.617669, 4.35323)

[node name="plant6" parent="Start room/Props" instance=ExtResource("20_i3kpg")]
transform = Transform3D(1, 0, 0, 0, 1, 0, 0, 0, 1, 1.82567, 0.633822, 4.42905)

[node name="plant8" parent="Start room/Props" instance=ExtResource("20_i3kpg")]
transform = Transform3D(1, 0, 0, 0, 1, 0, 0, 0, 1, -3.48298, 0.592928, 4.20455)

[node name="plant9" parent="Start room/Props" instance=ExtResource("20_i3kpg")]
transform = Transform3D(1, 0, 0, 0, 1, 0, 0, 0, 1, -3.48298, 0.595245, 4.47732)

[node name="plant10" parent="Start room/Props" instance=ExtResource("20_i3kpg")]
transform = Transform3D(1, 0, 0, 0, 1, 0, 0, 0, 1, -4.16852, 0.594025, 4.47732)

[node name="rocks3" parent="Start room/Props" instance=ExtResource("19_pc26e")]
transform = Transform3D(1, 0, 0, 0, 1, 0, 0, 0, 1, -4.60551, 0.52548, 13.2149)

[node name="plant12" parent="Start room/Props" instance=ExtResource("20_i3kpg")]
transform = Transform3D(1, 0, 0, 0, 1, 0, 0, 0, 1, -4.89497, 0.594025, 13.298)

[node name="rocks4" parent="Start room/Props" instance=ExtResource("19_pc26e")]
transform = Transform3D(-0.62317, 0, -0.782086, 0, 1, 0, 0.782086, 0, -0.62317, 3.04592, 0.52548, 19.2995)

[node name="plant13" parent="Start room/Props" instance=ExtResource("20_i3kpg")]
transform = Transform3D(-0.62317, 0, -0.782086, 0, 1, 0, 0.782086, 0, -0.62317, 3.16127, 0.594025, 19.0213)

[node name="plant11" parent="Start room/Props" instance=ExtResource("20_i3kpg")]
transform = Transform3D(1, 0, 0, 0, 1, 0, 0, 0, 1, -3.88592, 0.592928, 4.79854)

[node name="plant7" parent="Start room/Props" instance=ExtResource("20_i3kpg")]
transform = Transform3D(1, 0, 0, 0, 1, 0, 0, 0, 1, 2.08946, 0.617669, 5.145)

[node name="plant14" parent="Start room/Props" instance=ExtResource("20_i3kpg")]
transform = Transform3D(0.493335, 0, 0.86984, 0, 1, 0, -0.86984, 0, 0.493335, 0.285312, 0.617669, 19.6598)

[node name="plant17" parent="Start room/Props" instance=ExtResource("20_i3kpg")]
transform = Transform3D(0.677325, 0, 0.735684, 0, 1, 0, -0.735684, 0, 0.677325, -0.23268, 0.627435, 19.4164)

[node name="plant18" parent="Start room/Props" instance=ExtResource("20_i3kpg")]
transform = Transform3D(0.677325, 0, 0.735684, 0, 1, 0, -0.735684, 0, 0.677325, -0.102256, 0.596328, 19.6782)

[node name="plant19" parent="Start room/Props" instance=ExtResource("20_i3kpg")]
transform = Transform3D(0.493335, 0, 0.86984, 0, 1, 0, -0.86984, 0, 0.493335, -0.440056, 0.617669, 19.6598)

[node name="plant20" parent="Start room/Props" instance=ExtResource("20_i3kpg")]
transform = Transform3D(0.677325, 0, 0.735684, 0, 1, 0, -0.735684, 0, 0.677325, -0.979259, 0.627435, 19.4164)

[node name="plant21" parent="Start room/Props" instance=ExtResource("20_i3kpg")]
transform = Transform3D(0.677325, 0, 0.735684, 0, 1, 0, -0.735684, 0, 0.677325, -0.848834, 0.596328, 19.6782)

[node name="plant22" parent="Start room/Props" instance=ExtResource("20_i3kpg")]
transform = Transform3D(0.493335, 0, 0.86984, 0, 1, 0, -0.86984, 0, 0.493335, -1.18663, 0.617669, 19.6598)

[node name="plant23" parent="Start room/Props" instance=ExtResource("20_i3kpg")]
transform = Transform3D(0.677325, 0, 0.735684, 0, 1, 0, -0.735684, 0, 0.677325, -1.70174, 0.627435, 19.4164)

[node name="plant24" parent="Start room/Props" instance=ExtResource("20_i3kpg")]
transform = Transform3D(0.677325, 0, 0.735684, 0, 1, 0, -0.735684, 0, 0.677325, -1.57131, 0.596328, 19.6782)

[node name="plant25" parent="Start room/Props" instance=ExtResource("20_i3kpg")]
transform = Transform3D(0.493335, 0, 0.86984, 0, 1, 0, -0.86984, 0, 0.493335, -1.90911, 0.617669, 19.6598)

[node name="plant26" parent="Start room/Props" instance=ExtResource("20_i3kpg")]
transform = Transform3D(0.677325, 0, 0.735684, 0, 1, 0, -0.735684, 0, 0.677325, -2.44562, 0.627435, 19.4164)

[node name="plant27" parent="Start room/Props" instance=ExtResource("20_i3kpg")]
transform = Transform3D(0.677325, 0, 0.735684, 0, 1, 0, -0.735684, 0, 0.677325, -2.3152, 0.596328, 19.6782)

[node name="plant28" parent="Start room/Props" instance=ExtResource("20_i3kpg")]
transform = Transform3D(0.493335, 0, 0.86984, 0, 1, 0, -0.86984, 0, 0.493335, -2.653, 0.617669, 19.6598)

[node name="plant29" parent="Start room/Props" instance=ExtResource("20_i3kpg")]
transform = Transform3D(0.677325, 0, 0.735684, 0, 1, 0, -0.735684, 0, 0.677325, -3.14971, 0.627435, 19.4164)

[node name="plant30" parent="Start room/Props" instance=ExtResource("20_i3kpg")]
transform = Transform3D(0.677325, 0, 0.735684, 0, 1, 0, -0.735684, 0, 0.677325, -3.01929, 0.596328, 19.6782)

[node name="plant31" parent="Start room/Props" instance=ExtResource("20_i3kpg")]
transform = Transform3D(0.493335, 0, 0.86984, 0, 1, 0, -0.86984, 0, 0.493335, -3.35709, 0.617669, 19.6598)

[node name="plant32" parent="Start room/Props" instance=ExtResource("20_i3kpg")]
transform = Transform3D(0.677325, 0, 0.735684, 0, 1, 0, -0.735684, 0, 0.677325, 1.16059, 0.627435, 19.4164)

[node name="plant33" parent="Start room/Props" instance=ExtResource("20_i3kpg")]
transform = Transform3D(0.677325, 0, 0.735684, 0, 1, 0, -0.735684, 0, 0.677325, 1.29101, 0.596328, 19.6782)

[node name="plant34" parent="Start room/Props" instance=ExtResource("20_i3kpg")]
transform = Transform3D(0.493335, 0, 0.86984, 0, 1, 0, -0.86984, 0, 0.493335, 0.95321, 0.617669, 19.6598)

[node name="plant92" parent="Start room/Props" instance=ExtResource("20_i3kpg")]
transform = Transform3D(0.677325, 0, 0.735684, 0, 1, 0, -0.735684, 0, 0.677325, -14.0108, 6.08713, 10.1913)

[node name="plant93" parent="Start room/Props" instance=ExtResource("20_i3kpg")]
transform = Transform3D(0.677325, 0, 0.735684, 0, 1, 0, -0.735684, 0, 0.677325, -13.8803, 6.05602, 10.4531)

[node name="plant94" parent="Start room/Props" instance=ExtResource("20_i3kpg")]
transform = Transform3D(0.677325, 0, 0.735684, 0, 1, 0, -0.735684, 0, 0.677325, -13.3429, 6.08713, 10.1913)

[node name="plant95" parent="Start room/Props" instance=ExtResource("20_i3kpg")]
transform = Transform3D(0.677325, 0, 0.735684, 0, 1, 0, -0.735684, 0, 0.677325, -13.2124, 6.05602, 10.4531)

[node name="plant96" parent="Start room/Props" instance=ExtResource("20_i3kpg")]
transform = Transform3D(0.493335, 0, 0.86984, 0, 1, 0, -0.86984, 0, 0.493335, -13.5502, 6.07736, 10.4347)

[node name="plant97" parent="Start room/Props" instance=ExtResource("20_i3kpg")]
transform = Transform3D(0.726982, 0, -0.686656, 0, 1, 0, 0.686656, 0, 0.726982, -14.6402, 6.08713, 10.3477)

[node name="plant98" parent="Start room/Props" instance=ExtResource("20_i3kpg")]
transform = Transform3D(0.726982, 0, -0.686656, 0, 1, 0, 0.686656, 0, 0.726982, -14.9037, 6.05602, 10.4748)

[node name="plant99" parent="Start room/Props" instance=ExtResource("20_i3kpg")]
transform = Transform3D(0.726982, 0, -0.686656, 0, 1, 0, 0.686656, 0, 0.726982, -14.6487, 6.08713, 11.0156)

[node name="plant100" parent="Start room/Props" instance=ExtResource("20_i3kpg")]
transform = Transform3D(0.726982, 0, -0.686656, 0, 1, 0, 0.686656, 0, 0.726982, -14.9122, 6.05602, 11.1426)

[node name="plant101" parent="Start room/Props" instance=ExtResource("20_i3kpg")]
transform = Transform3D(0.863475, 0, -0.504392, 0, 1, 0, 0.504392, 0, 0.863475, -14.8895, 6.07736, 10.8051)

[node name="plant35" parent="Start room/Props" instance=ExtResource("20_i3kpg")]
transform = Transform3D(0.677325, 0, 0.735684, 0, 1, 0, -0.735684, 0, 0.677325, 0.492688, 0.627435, 21.0833)

[node name="plant36" parent="Start room/Props" instance=ExtResource("20_i3kpg")]
transform = Transform3D(0.493335, 0, 0.86984, 0, 1, 0, -0.86984, 0, 0.493335, 0.285312, 0.617669, 21.3268)

[node name="plant37" parent="Start room/Props" instance=ExtResource("20_i3kpg")]
transform = Transform3D(0.677325, 0, 0.735684, 0, 1, 0, -0.735684, 0, 0.677325, -0.23268, 0.627435, 21.0833)

[node name="plant38" parent="Start room/Props" instance=ExtResource("20_i3kpg")]
transform = Transform3D(0.677325, 0, 0.735684, 0, 1, 0, -0.735684, 0, 0.677325, -0.102256, 0.596328, 21.3452)

[node name="plant39" parent="Start room/Props" instance=ExtResource("20_i3kpg")]
transform = Transform3D(0.493335, 0, 0.86984, 0, 1, 0, -0.86984, 0, 0.493335, -0.440056, 0.617669, 21.3268)

[node name="plant40" parent="Start room/Props" instance=ExtResource("20_i3kpg")]
transform = Transform3D(0.677325, 0, 0.735684, 0, 1, 0, -0.735684, 0, 0.677325, -0.979259, 0.627435, 21.0833)

[node name="plant41" parent="Start room/Props" instance=ExtResource("20_i3kpg")]
transform = Transform3D(0.677325, 0, 0.735684, 0, 1, 0, -0.735684, 0, 0.677325, -0.848834, 0.596328, 21.3452)

[node name="plant42" parent="Start room/Props" instance=ExtResource("20_i3kpg")]
transform = Transform3D(0.493335, 0, 0.86984, 0, 1, 0, -0.86984, 0, 0.493335, -1.18663, 0.617669, 21.3268)

[node name="plant43" parent="Start room/Props" instance=ExtResource("20_i3kpg")]
transform = Transform3D(0.677325, 0, 0.735684, 0, 1, 0, -0.735684, 0, 0.677325, -1.70174, 0.627435, 21.0833)

[node name="plant44" parent="Start room/Props" instance=ExtResource("20_i3kpg")]
transform = Transform3D(0.677325, 0, 0.735684, 0, 1, 0, -0.735684, 0, 0.677325, -1.57131, 0.596328, 21.3452)

[node name="plant45" parent="Start room/Props" instance=ExtResource("20_i3kpg")]
transform = Transform3D(0.493335, 0, 0.86984, 0, 1, 0, -0.86984, 0, 0.493335, -1.90911, 0.617669, 21.3268)

[node name="plant46" parent="Start room/Props" instance=ExtResource("20_i3kpg")]
transform = Transform3D(0.677325, 0, 0.735684, 0, 1, 0, -0.735684, 0, 0.677325, -2.44562, 0.627435, 21.0833)

[node name="plant47" parent="Start room/Props" instance=ExtResource("20_i3kpg")]
transform = Transform3D(0.677325, 0, 0.735684, 0, 1, 0, -0.735684, 0, 0.677325, -2.3152, 0.596328, 21.3452)

[node name="plant48" parent="Start room/Props" instance=ExtResource("20_i3kpg")]
transform = Transform3D(0.493335, 0, 0.86984, 0, 1, 0, -0.86984, 0, 0.493335, -2.653, 0.617669, 21.3268)

[node name="plant49" parent="Start room/Props" instance=ExtResource("20_i3kpg")]
transform = Transform3D(0.677325, 0, 0.735684, 0, 1, 0, -0.735684, 0, 0.677325, -3.14971, 0.627435, 21.0833)

[node name="plant50" parent="Start room/Props" instance=ExtResource("20_i3kpg")]
transform = Transform3D(0.677325, 0, 0.735684, 0, 1, 0, -0.735684, 0, 0.677325, -3.01929, 0.596328, 21.3452)

[node name="plant51" parent="Start room/Props" instance=ExtResource("20_i3kpg")]
transform = Transform3D(0.493335, 0, 0.86984, 0, 1, 0, -0.86984, 0, 0.493335, -3.35709, 0.617669, 21.3268)

[node name="plant52" parent="Start room/Props" instance=ExtResource("20_i3kpg")]
transform = Transform3D(0.677325, 0, 0.735684, 0, 1, 0, -0.735684, 0, 0.677325, 1.16059, 0.627435, 21.0833)

[node name="plant53" parent="Start room/Props" instance=ExtResource("20_i3kpg")]
transform = Transform3D(0.493335, 0, 0.86984, 0, 1, 0, -0.86984, 0, 0.493335, 0.95321, 0.617669, 21.3268)

[node name="plant54" parent="Start room/Props" instance=ExtResource("20_i3kpg")]
transform = Transform3D(0.677325, 0, 0.735684, 0, 1, 0, -0.735684, 0, 0.677325, 2.60102, 0.627435, 14.6367)

[node name="plant55" parent="Start room/Props" instance=ExtResource("20_i3kpg")]
transform = Transform3D(0.493335, 0, 0.86984, 0, 1, 0, -0.86984, 0, 0.493335, 2.39364, 0.617669, 14.8802)

[node name="plant56" parent="Start room/Props" instance=ExtResource("20_i3kpg")]
transform = Transform3D(0.677325, 0, 0.735684, 0, 1, 0, -0.735684, 0, 0.677325, 1.87565, 0.627435, 14.6367)

[node name="plant57" parent="Start room/Props" instance=ExtResource("20_i3kpg")]
transform = Transform3D(0.677325, 0, 0.735684, 0, 1, 0, -0.735684, 0, 0.677325, 2.00607, 0.596328, 14.8986)

[node name="plant58" parent="Start room/Props" instance=ExtResource("20_i3kpg")]
transform = Transform3D(0.493335, 0, 0.86984, 0, 1, 0, -0.86984, 0, 0.493335, 1.66827, 0.617669, 14.8802)

[node name="plant59" parent="Start room/Props" instance=ExtResource("20_i3kpg")]
transform = Transform3D(0.677325, 0, 0.735684, 0, 1, 0, -0.735684, 0, 0.677325, 1.12907, 0.627435, 14.6367)

[node name="plant60" parent="Start room/Props" instance=ExtResource("20_i3kpg")]
transform = Transform3D(0.677325, 0, 0.735684, 0, 1, 0, -0.735684, 0, 0.677325, 1.25949, 0.596328, 14.8986)

[node name="plant61" parent="Start room/Props" instance=ExtResource("20_i3kpg")]
transform = Transform3D(0.493335, 0, 0.86984, 0, 1, 0, -0.86984, 0, 0.493335, 0.921694, 0.617669, 14.8802)

[node name="plant62" parent="Start room/Props" instance=ExtResource("20_i3kpg")]
transform = Transform3D(0.677325, 0, 0.735684, 0, 1, 0, -0.735684, 0, 0.677325, 0.406592, 0.627435, 14.6367)

[node name="plant63" parent="Start room/Props" instance=ExtResource("20_i3kpg")]
transform = Transform3D(0.677325, 0, 0.735684, 0, 1, 0, -0.735684, 0, 0.677325, 0.537017, 0.596328, 14.8986)

[node name="plant64" parent="Start room/Props" instance=ExtResource("20_i3kpg")]
transform = Transform3D(0.493335, 0, 0.86984, 0, 1, 0, -0.86984, 0, 0.493335, 0.199217, 0.617669, 14.8802)

[node name="plant65" parent="Start room/Props" instance=ExtResource("20_i3kpg")]
transform = Transform3D(0.677325, 0, 0.735684, 0, 1, 0, -0.735684, 0, 0.677325, -0.337294, 0.627435, 14.6367)

[node name="plant66" parent="Start room/Props" instance=ExtResource("20_i3kpg")]
transform = Transform3D(0.677325, 0, 0.735684, 0, 1, 0, -0.735684, 0, 0.677325, -0.206869, 0.596328, 14.8986)

[node name="plant67" parent="Start room/Props" instance=ExtResource("20_i3kpg")]
transform = Transform3D(0.493335, 0, 0.86984, 0, 1, 0, -0.86984, 0, 0.493335, -0.544669, 0.617669, 14.8802)

[node name="plant68" parent="Start room/Props" instance=ExtResource("20_i3kpg")]
transform = Transform3D(0.677325, 0, 0.735684, 0, 1, 0, -0.735684, 0, 0.677325, -1.04138, 0.627435, 14.6367)

[node name="plant69" parent="Start room/Props" instance=ExtResource("20_i3kpg")]
transform = Transform3D(0.677325, 0, 0.735684, 0, 1, 0, -0.735684, 0, 0.677325, -0.910957, 0.596328, 14.8986)

[node name="plant70" parent="Start room/Props" instance=ExtResource("20_i3kpg")]
transform = Transform3D(0.493335, 0, 0.86984, 0, 1, 0, -0.86984, 0, 0.493335, -1.24876, 0.617669, 14.8802)

[node name="plant71" parent="Start room/Props" instance=ExtResource("20_i3kpg")]
transform = Transform3D(0.677325, 0, 0.735684, 0, 1, 0, -0.735684, 0, 0.677325, 3.26891, 0.627435, 14.6367)

[node name="plant72" parent="Start room/Props" instance=ExtResource("20_i3kpg")]
transform = Transform3D(0.493335, 0, 0.86984, 0, 1, 0, -0.86984, 0, 0.493335, 3.06154, 0.617669, 14.8802)

[node name="plant73" parent="Start room/Props" instance=ExtResource("20_i3kpg")]
transform = Transform3D(0.677325, 0, 0.735684, 0, 1, 0, -0.735684, 0, 0.677325, 2.60102, 0.627435, 24.6717)

[node name="plant74" parent="Start room/Props" instance=ExtResource("20_i3kpg")]
transform = Transform3D(0.493335, 0, 0.86984, 0, 1, 0, -0.86984, 0, 0.493335, 2.39364, 0.617669, 24.9152)

[node name="plant75" parent="Start room/Props" instance=ExtResource("20_i3kpg")]
transform = Transform3D(0.677325, 0, 0.735684, 0, 1, 0, -0.735684, 0, 0.677325, 1.87565, 0.627435, 24.6717)

[node name="plant76" parent="Start room/Props" instance=ExtResource("20_i3kpg")]
transform = Transform3D(0.677325, 0, 0.735684, 0, 1, 0, -0.735684, 0, 0.677325, 2.00607, 0.596328, 24.9336)

[node name="plant77" parent="Start room/Props" instance=ExtResource("20_i3kpg")]
transform = Transform3D(0.493335, 0, 0.86984, 0, 1, 0, -0.86984, 0, 0.493335, 1.66827, 0.617669, 24.9152)

[node name="plant78" parent="Start room/Props" instance=ExtResource("20_i3kpg")]
